1014 40
1040 56
1024 43
1033 60
1021 56
1011 55
1003 44
1009 53
1025 54
1015 44
1032 56
1004 44
1003 45
1037 51
1042 40
1040 45
1041 54
1017 55
1046 60
1023 59
1040 40
1023 54
1039 44
1004 56
1041 56
1035 56
1025 58
1046 50
1001 57
1030 46
1025 42
1041 51
1019 51
1035 40
1019 56
1044 41
1035 53
1041 60
1032 49
1017 51
1048 53
1013 54
1019 47
1028 57
1007 51
1016 60
1028 59
1020 46
1045 42
1047 46
1013 59
1034 52
1011 46
1036 57
1022 49
1007 42
1015 56
1030 52
1044 42
1050 57
1004 59
1013 58
1012 41
1030 42
1022 45
1022 48
1016 45
1022 52
1022 49
1020 43
1046 47
1026 49
1042 53
1038 46
1008 57
1040 54
1016 53
1030 40
1001 57
1020 43
1041 47
1006 54
1026 49
1008 46
1040 41
1033 43
1014 55
1020 41
1040 50
1004 46
1028 59
1021 50
1040 43
1041 57
1022 51
1048 53
1009 46
1022 41
1004 43
1008 51
1024 46
1004 49
1020 54
1019 51
1007 40
1039 49
1048 55
1017 45
1038 60
1048 47
1019 56
1050 54
1028 59
1035 54
1044 55
1024 52
1028 41
1041 59
1022 51
1023 52
1010 54
1015 45
1016 51
1024 50
1013 40
1038 53
1036 41
1017 43
1012 50
1040 52
1011 55
1010 40
1040 50
1035 44
1040 49
1036 51
1011 45
1030 47
1017 58
1047 47
1016 59
1030 56
1035 53
1032 55
1033 45
1020 52
1050 43
1017 52
1027 54
1006 44
1022 55
1034 50
1019 59
1035 58
1014 60
1047 40
1024 56
1021 43
1049 55
1035 44
1022 46
1013 45
1021 50
1020 53
1015 59
1004 43
1013 48
1013 54
1009 48
1015 52
1032 45
1041 42
1043 45
1019 51
1014 58
1010 57
1026 42
1005 58
1043 54
1050 56
1035 52
1020 56
1031 48
1041 58
1029 51
1046 48
1020 48
1050 53
1033 41
1008 42
1031 42
1038 48
1016 53
1040 41
1012 52
1020 57
1012 42
1047 60
1035 49
1040 45
1041 59
1049 41
1046 60
1035 48
1022 50
1041 51
1050 44
1006 53
1042 53
1007 42
1040 40
1020 52
1024 52
1022 44
1030 40
1048 45
1041 40
1035 42
1049 54
1030 49
1041 49
1036 47
1041 52
1020 41
1027 58
1040 60
1035 52
1046 45
1027 42
1041 46
1010 57
1040 49
1025 53
1028 45
1007 50
1009 47
1023 53
1015 58
1035 57
1041 50
1041 43
1040 46
1041 42
1047 41
1031 41
1035 53
1041 40
1020 46
1012 57
1009 50
1021 53
1021 45
1033 41
1015 54
1001 43
1036 47
1040 41
1020 41
1041 46
1020 49
1020 58
1040 51
1033 57
1031 52
1041 51
1049 55
1010 57
1033 47
1035 54
1026 43
1004 49
1020 47
1030 56
1019 45
1004 51
1007 43
1002 40
1020 56
1035 58
1039 47
1012 40
1006 55
1040 48
1042 52
1039 41
1036 54
1017 40
1040 58
1022 60
1028 60
1020 46
1012 59
1048 58
1035 42
1005 40
1016 60
1050 56
1028 49
1043 52
1041 53
1045 55
1020 42
1003 47
1039 52
1005 51
1035 59
1038 60
1032 40
1022 40
1020 40
1022 43
1035 60
1008 56
1035 45
1041 51
1031 50
1005 60
1005 51
1031 41
1027 59
1035 47
1028 53
1034 48
1020 56
1050 56
1041 59
1009 50
1022 56
1036 58
1035 43
1049 54
1013 58
1008 56
1040 44
1040 52
1005 59
1016 40
1022 55
1044 43
1026 52
1026 59
1006 56
1023 54
1014 50
1048 60
1035 59
1035 41
1016 46
1027 54
1035 45
1041 59
1035 56
1023 44
1023 51
1047 56
1018 42
1008 50
1040 53
1040 60
1033 60
1028 50
1041 56
1030 58
1039 52
1033 44
1031 59
1023 53
1041 59
1041 43
1039 45
1021 41
1035 46
1006 52
1041 43
1032 57
1040 53
1040 56
1013 56
1018 53
1044 44
1039 52
1015 49
1035 42
1013 56
1013 47
1044 55
1014 52
1020 50
1035 53
1050 47
1035 46
1033 41
1043 54
1039 52
1045 52
1041 46
1022 60
1004 48
1037 50
1017 43
1013 57
1045 55
1028 55
1009 58
1006 49
1005 57
1041 44
1041 53
1039 54
1023 55
1022 51
1028 49
1004 43
1020 49
1012 57
1011 60
1020 46
1041 42
1005 60
1040 47
1040 42
1034 45
1040 49
1028 49
1040 51
1043 42
1037 57
1020 43
1005 40
1010 40
1047 60
1037 56
1008 55
1020 57
1050 54
1007 47
1017 47
1010 55
1049 55
1013 54
1020 55
1017 40
1040 60
1004 56
1020 53
1027 45
1049 50
1020 58
1015 49
1050 56
1047 59
1005 47
1012 59
1005 47
1001 42
1034 42
1005 41
1017 58
1020 48
1041 43
1029 41
1043 45
1021 53
1050 51
1042 59
1012 44
1007 42
1049 51
1035 53
1047 40
1007 42
1017 54
1035 48
1046 42
1002 53
1014 60
1008 49
1044 48
1040 56
1032 53
1035 41
1020 58
1049 48
1022 47
1010 53
1020 51
1010 51
1040 49
1020 54
1040 57
1041 40
1003 42
1028 53
1035 45
1020 60
1041 56
1040 51
1041 50
1028 42
1035 49
1025 58
1030 50
1020 44
1029 55
1035 56
1039 48
1007 50
1023 43
1035 55
1021 56
1040 42
1037 40
1041 47
1040 42
1020 43
1041 50
1030 57
1033 59
1007 50
1042 43
1039 40
1008 56
1027 54
1011 40
1009 50
1020 47
1038 56
1008 58
1028 48
1044 46
1042 45
1049 56
1013 57
1008 52
1041 52
1032 50
1020 41
1004 47
1015 57
1018 58
1020 44
1047 57
1035 47
1042 44
1022 59
1044 52
1025 52
1032 51
1035 43
1041 55
1020 53
1003 53
1019 51
1007 41
1022 55
1001 57
1010 41
1049 43
1022 47
1034 43
1031 59
1041 56
1040 55
1021 57
1029 54
1029 50
1036 43
1008 44
1040 48
1035 47
1030 53
1003 51
1040 50
1012 56
1040 57
1036 55
1041 52
1032 54
1019 54
1041 52
1001 42
1045 51
1036 55
1040 58
1041 43
1008 41
1050 44
1028 41
1014 48
1037 46
1007 44
1022 40
1047 44
1007 53
1005 47
1033 52
1038 46
1020 45
1035 41
1010 51
1031 59
1044 51
1010 59
1047 51
1037 40
1040 54
1044 59
1040 58
1020 46
1035 51
1022 44
1025 41
1004 46
1020 53
1001 49
1039 52
1040 54
1035 43
1040 44
1022 49
1021 45
1035 53
1006 44
1020 48
1006 53
1004 58
1025 51
1005 58
1012 57
1041 55
1049 46
1036 53
1041 43
1049 41
1016 59
1041 41
1022 53
1041 47
1010 46
1004 60
1021 59
1026 46
1029 60
1048 47
1040 48
1040 43
1014 42
1041 50
1036 47
1018 46
1035 51
1046 55
1037 51
1032 45
1014 58
1002 47
1008 57
1014 45
1040 59
1025 55
1017 52
1001 52
1041 53
1040 60
1035 41
1045 54
1026 53
1018 47
1035 51
1041 50
1031 50
1040 49
1041 60
1041 40
1046 60
1028 50
1041 44
1013 53
1020 58
1035 41
1021 55
1020 59
1013 40
1030 43
1041 40
1020 49
1035 57
1023 41
1048 44
1041 44
1025 52
1037 42
1018 48
1039 49
1014 55
1048 50
1026 42
1007 41
1037 51
1005 49
1012 58
1020 49
1032 42
1047 51
1010 50
1005 41
1041 57
1019 46
1025 60
1002 46
1016 43
1002 46
1039 52
1041 56
1035 42
1040 49
1040 51
1040 40
1028 41
1020 44
1031 46
1035 54
1036 51
1041 59
1020 42
1046 44
1044 48
1041 46
1035 49
1014 59
1020 50
1040 51
1039 47
1008 42
1016 54
1041 54
1031 49
1045 46
1035 60
1041 49
1003 46
1041 57
1035 49
1050 60
1050 46
1041 53
1045 58
1010 56
1013 55
1019 57
1024 47
1033 41
1050 53
1049 43
1049 60
1027 48
1004 47
1023 53
1048 52
1031 51
1017 40
1045 57
1035 47
1023 56
1041 46
1003 50
1027 59
1034 56
1031 59
1014 56
1027 54
1047 44
1043 42
1027 55
1034 42
1020 60
1009 60
1037 43
1025 53
1041 51
1003 53
1049 50
1038 53
1020 58
1030 44
1024 46
1038 48
1025 46
1035 59
1005 55
1009 60
1040 56
1008 59
1035 55
1010 40
1032 47
1026 49
1010 45
1021 59
1013 57
1040 41
1014 60
1038 46
1010 42
1027 58
1050 54
1011 49
1001 59
1001 58
1034 53
1017 51
1043 44
1023 48
1018 47
1035 40
1020 60
1035 58
1020 48
1041 44
1007 54
1010 51
1020 48
1001 47
1042 41
1038 49
1020 51
1020 42
1019 47
1028 44
1035 51
1026 48
1021 53
1004 42
1035 58
1001 58
1049 45
1003 59
1011 54
1040 43
1015 41
1040 40
1050 57
1040 43
1031 53
1026 45
1013 52
1046 41
1006 54
1046 47
1040 55
1031 51
1040 56
1010 53
1038 53
1019 48
1015 48
1041 45
1034 45
1047 59
1040 54
1017 47
1042 47
1005 53
1030 59
1001 43
1035 59
1027 53
1046 58
1035 58
1041 56
1042 46
1020 52
1020 50
1040 59
1049 48
1002 59
1023 50
1041 42
1031 55
1036 60
1020 51
1046 52
1029 57
1049 54
1035 53
1031 60
1017 40
1041 41
1007 57
1020 40
1011 60
1006 47
1040 59
1007 60
1049 54
1022 54
1029 59
1041 52
1013 58
1026 41
1043 48
1021 55
1025 58
1030 59
1040 50
1032 57
1041 60
1035 47
1041 50
1041 40
1040 58
1024 43
1044 57
1019 57
1022 58
1041 48
1020 57
1036 53
1046 43
1015 40
1045 56
1036 53
1049 56
1041 58
1044 54
1002 54
1035 42
1024 50
1040 58
1021 51
1010 57
1040 42
1011 40
1008 47
1013 44
1009 46
1013 50
1035 59
1046 55
1038 60
1020 41
1035 50
1047 46
1024 47
1036 60
1035 59
1020 53
1041 60
1034 49
1004 45
1011 52
1041 53
1021 53
1031 54
1011 58
1044 60
1041 46
1033 45
1021 56
1008 53
1022 44
1013 54
1025 48
1037 59
1038 56
1046 55
1006 45
1027 59
1035 56
1036 50
1015 41
1002 52
1035 49
1004 52
1040 56
1041 58
1020 48
1012 60
1007 56
1050 54
1011 50
1031 43
1012 46
1035 55
1005 52
1049 57
1041 54
1034 50
1026 46
1011 60
1040 44
1014 52
1025 48
1006 46
1008 60
1044 55
1017 49
1033 48
1030 42
1034 43