12345
23456
34567
45678
56789
67890
78901
89012
11234
22345
33456
44567
55678
66789
77890
88901
12098
23097
34096
45095
56094
67093
78092
89091
10987
21986
32985
43984
54983
65982
76981
87980
13579
24680
35791
46802
57913
68024
79135
80246
12468
23579
34680
45791
56802
67913
78024
89135
21357
32468
43579
54680
65791
76802
87913
10123
20234
30345
40456
50567
60678
70789
80890
11111
22222
33333
44444
55555
12321
23432
34543
45654
56765
67876
78987
89098
11211
22322
33433
44544
55655
66766
77877
12021
23032
34043
45054
56065
79999
69888
58777
47666
36555
25444
14333
13222
12111
11000
54321
65432
76543
87654