1110000011
0000010001
0000010011
0000011101
0001010101
1111111000
1110000001
0000000010
0000000111
0000100100
0000011000
0000001110
0000001010
0000000100
0011001000
1111111111
1111111000
1111000010
0000101000
0000010010
0000001010
0000011001
0000101100
0000011011
0000100100
0000001110
0000000111
0000100100
0000011010
0000100000
1111111110
0000000010
0000000100
0001010110
0000101010
0000010111
0000101000
0000010010
0000000111
0000010010
0000100101
0000000000
0000000010
1111000001
1111000010
0000100100
0000010011
0000000100
0000101100
1111000010
0000011100
0000101100
0000100000
1110000001
0000000110
0000100111
1111111110
0000100000
0000011011
0000100000
0000011100
1111000001
0000000110
0000010111
1111111111
0000010010
1111000010
0000101010
0000011010
0000011010
0000011000
0000000100
1111000010
0000000000
0001010101
0000000010
0000001110
1111111000
1110100001
0000011100
1111000001
0000010110
0000010001
0000010010
0000000100
0000000110
0000100000
0000100100
0000011110
0000100000
0000000101
0000011000
0000101100
0000110011
0000100000
0000001010
0000000100
0000010101
0000011111
1111111100