2 29 -5 -11
10 -15 -34 36 -49 48 38 -1 47 15 -1 -36
10 -17 -28 28 -13 14 50 2 -10 -13 -43 -41
9 -25 -24 -25 27 -44 -47 -18 50 46 15
7 -37 -47 23 -47 -38 45 -2 -14
1 -27 28
6 -5 32 45 29 -25 -1 -39
2 42 -6 -32
1 11 -38
3 7 -20 21 -29
1 45 44
10 46 -35 -17 -15 -2 0 -29 -33 30 -31 -25
1 24 -41
6 -2 21 27 39 -39 28 39
8 -7 -45 50 -46 -44 -24 -13 -16 -32
9 19 -40 -1 -49 -19 2 -40 48 1 31
8 24 -15 46 -25 34 -49 16 14 -46
2 -37 -15 -32
3 8 -36 -3 -7
5 11 -37 -48 -49 42 43
5 36 -2 6 40 -35 -15
7 -29 35 23 47 15 22 -50 3
5 -35 42 19 40 31 -10
9 49 13 -49 38 2 -8 25 -44 28 0
3 32 -42 -26 20
4 -25 22 50 14 -21
9 -17 46 20 -41 32 -33 29 -36 -15 7
8 -2 -18 -14 -1 -2 -15 14 8 -36
13 -24 -28 -8 -47 -18 -26 -13 -4 -8 7 -44 1 2 7
10 44 23 -5 6 49 -5 50 -17 11 -41 -34
3 -20 16 -42 -16
2 21 24 1
9 9 -44 22 -10 -33 37 -48 20 -23 -25
6 -16 -39 -44 -22 0 39 -38
5 4 -18 -33 9 47 -28
2 45 19 45
9 44 -14 50 -7 -44 -11 -3 -39 -36 32
3 24 -6 28 -42
8 -28 44 -10 13 14 32 -23 -19 19
10 46 45 -46 4 36 44 15 19 -10 3 -19
8 -12 -42 15 -30 -6 21 -42 -8 34
8 24 -36 -24 17 -9 5 22 -31 -10
7 -1 33 36 11 -5 31 44 31
7 -41 10 -27 -9 -9 39 -49 38
8 17 -7 43 -40 38 5 -14 -18 -37
7 3 3 4 -15 42 -21 0 -50
9 22 -20 29 -5 16 0 18 33 -3 12
9 48 10 -37 30 -25 -46 -46 20 5 10
6 -7 -32 -37 24 11 -35 -21
15 4 4 -1 6 -1 3 2 3 -4 9 1 2 3 1 1 2
9 4 9 3 -30 -19 36 19 50 5 -16
7 -33 28 -47 -20 -30 33 -15 21
9 -7 -38 22 31 -29 -39 36 28 -21 28
8 13 45 -45 44 49 8 6 -25 42
1 12 -27
6 -27 10 -21 -40 -34 46 21
3 -17 42 22 -41
2 45 -33 -29
6 29 26 6 4 24 -45 -8
7 36 24 -6 -40 -22 -30 -30 45
7 -22 31 11 4 46 5 36 -4
9 14 32 23 25 -27 46 47 -24 -36 -19
8 24 -41 -7 50 24 20 46 -36 27
5 -21 4 -35 36 -37 -30
8 21 3 -40 8 20 -39 47 32 -6
5 38 -16 49 -30 4 39
5 -27 42 3 3 14 -7
3 -29 -19 24 -12
8 38 -31 50 -21 50 31 -15 15 -32
2 -36 47 46
10 -31 9 31 22 46 1 -28 -27 14 50 -17
5 48 -46 -3 20 39 -15
10 10 -45 -14 -44 -47 -11 37 -35 28 -25 35
7 50 -37 42 -35 26 48 -18 -45
5 -5 19 7 45 -14 -41
10 33 -12 -26 10 42 -17 22 49 35 -43 40
10 -22 21 43 11 44 -17 20 30 47 9 18
7 -22 6 -37 18 2 -26 45 22
3 32 -4 -48 31
8 -22 -41 -29 6 40 16 14 -19 7
10 -10 -44 15 44 -16 38 -32 -49 30 45 -24
4 32 -5 -43 47 -24
1 18 43
2 -47 -29 32
3 -12 46 39 -22
3 32 38 -47 -26
10 18 46 24 42 19 41 24 39 -21 40 43
8 -35 -23 -11 6 -8 -45 27 31 -31
2 12 50 24
6 -41 -36 -45 35 29 -25 20
5 -21 36 10 18 9 -40
8 18 -15 38 13 45 0 39 -41 12
8 -40 -49 2 -1 -43 -15 16 -49 19
7 -33 -10 9 29 33 39 46 18
8 6 -6 -28 -47 -22 -9 46 6 -15
5 42 -11 42 -19 12 21
1 13 20
4 -49 -19 -26 -48 38
4 -17 -21 -45 45 27
3 46 -48 -45 -47
8 -6 30 27 22 1 -1 19 48 13
4 36 -19 36 -27 -33
1 41 45
3 44 -47 -30 18
7 -29 -27 -19 -9 -31 20 -36 -42
3 -46 19 0 -10
7 14 -26 20 8 23 47 4 -24
7 46 4 -19 -12 -43 41 -5 10
6 15 -22 -38 7 38 12 20
8 12 -17 -10 -24 21 38 39 49 5
9 -33 -29 -9 47 2 16 -15 38 -48 -18
1 -1 13
7 -49 27 18 5 0 -48 20 49
3 -19 29 33 20
5 -35 -8 -7 48 50 48
10 4 -47 -13 -8 35 6 8 36 29 -38 48
8 27 -2 -18 -43 -14 20 17 18 -27
4 43 -45 -4 -40 -4
10 -42 -36 -33 31 -39 -23 -38 9 40 -15 1
7 -23 48 47 25 -48 40 49 49
9 2 -36 15 42 50 13 19 48 25 -6
3 -35 17 26 40
9 -49 -35 31 1 15 47 32 -37 -29 -11
7 -13 15 40 42 5 -10 -17 -27
5 -10 -34 -9 37 49 -7
2 3 -20 -16
9 44 9 11 10 22 15 -4 -47 41 -14
5 43 18 -6 -23 16 -37
5 22 39 37 4 12 -27
1 17 20
6 36 -49 -20 -21 -46 -35 23
5 16 3 -7 39 -26 39
9 26 -23 7 22 9 27 35 -22 -7 13
1 15 -20
4 19 -13 -16 -31 -25
4 13 -28 -44 46 16
7 12 36 47 39 -10 24 23 17
7 -20 47 -39 32 41 30 -4 -9
4 18 30 9 -48 -14
5 7 -36 -39 39 10 -17
4 -29 -10 -33 -34 20
9 -33 29 42 -10 10 -43 -6 -50 -17 16
10 15 21 -15 38 48 -39 -28 -49 32 23 -40
6 -8 -5 37 11 20 47 -23
3 22 -44 -28 34
1 -32 -31
4 -40 -35 -4 18 -18
4 -32 29 20 7 -25
9 4 45 -34 47 26 -11 37 20 14 -7
5 10 19 -48 0 -27 25
4 -33 13 -23 0 29
1 -10 -5
10 13 -17 -23 21 21 -16 16 17 31 24 -25
3 8 -16 12 6
7 33 -26 -21 13 -50 12 37 36
7 23 -25 20 -23 20 -27 11 4
4 -43 21 27 -16 45
7 3 5 48 -50 46 -47 -31 -48
4 -29 28 -48 37 35
8 4 13 7 -29 26 42 46 -6 -18
8 20 -42 -22 33 3 -11 49 47 -14
1 -7 31
8 46 -39 9 -16 50 22 -12 6 -47
1 -22 32
9 12 27 -43 -22 41 -28 31 0 18 32
8 21 46 -35 8 -39 26 12 -10 -38
8 -28 -28 -9 30 -23 12 -43 9 -31
5 -10 32 -8 -3 33 -47
6 5 -3 -50 45 -35 18 45
8 40 49 20 -38 -6 -36 -39 17 -44
2 -22 14 -18
4 7 -21 -20 -15 34
5 36 -45 -42 15 -8 32
1 15 -48
1 39 0
10 24 10 2 -29 -44 27 44 -43 40 42 -12
2 -16 19 -38
3 -9 -14 -28 16
8 3 -32 -13 44 30 22 49 25 19
1 43 0
7 -8 -27 27 37 -28 -1 -31 -44
8 43 -3 14 5 2 41 38 -12 -13
8 9 -2 -38 17 -10 -13 -43 -8 13
7 31 -1 -12 50 -26 14 -13 3
6 -45 -19 46 -13 -11 23 -39
7 46 49 44 -5 -43 22 5 42
2 8 -39 45
6 -33 23 -43 6 -14 45 -47
3 23 20 -31 3
1 -25 -41
4 -40 26 19 37 25
1 -48 -5
4 -45 -40 -44 -12 6
10 23 28 -42 18 1 26 -24 17 -1 0 -25
2 36 -14 -11
2 -13 -37 -21
1 -49 17
1 -14 24
2 -24 -15 4
5 38 13 -8 -29 42 -36
10 -50 10 49 20 27 -39 -13 -39 -45 -25 -31
3 -27 -10 39 -38
9 -25 -34 27 12 48 21 -11 0 -22 -29
4 13 -34 7 48 -23
2 12 11 -49
2 -43 13 20
10 -18 26 25 46 18 -28 13 42 -45 -37 -49
4 8 -48 -14 23 40
10 -46 0 -15 15 3 -38 -28 -37 -45 -22 -10
5 25 42 -23 -18 -6 -34
4 26 38 16 21 -26
6 2 -20 -20 -24 -7 -17 -24
6 -9 14 -47 1 37 31 31
7 5 42 -17 48 -25 -25 -10 15
3 34 46 37 -9
4 -28 -32 34 28 38
10 -2 19 34 32 -42 49 -43 44 24 -22 -43
6 -2 23 -30 -45 -10 13 -32
4 -43 4 -29 13 25
9 -13 9 -44 45 30 -8 -39 34 50 16
2 -24 14 5
5 -45 -30 13 34 36 42
6 -42 -41 -16 12 41 -33 26
4 -34 23 41 -50 -50
2 -13 -36 27
9 13 8 39 22 -13 11 33 31 -50 5
10 14 -14 -9 -50 45 22 -14 15 -5 -32 -46
6 -29 -1 15 -11 -22 39 44
5 31 -36 -21 12 -25 43
7 -11 -18 26 27 -34 19 18 5
9 -16 -31 -11 38 -47 42 43 -45 33 6
8 -48 28 -7 13 41 -39 -16 1 45
8 -40 -15 21 31 48 -21 -21 -7 -47
3 38 21 46 -33
9 39 16 3 37 26 5 -43 -31 34 49
9 -50 -40 22 -6 -33 -3 -5 -38 5 17
8 17 22 -16 16 -9 15 27 -32 -40
9 43 -41 3 40 -17 29 15 32 -49 -41
3 -29 -13 -29 -8
6 42 41 -31 36 -37 -41 25
6 21 2 40 47 -24 11 35
10 27 9 -37 -50 3 13 -17 -25 -36 -37 10
6 -22 32 -44 5 16 2 29
1 9 -32
1 -23 -23
8 -7 -47 25 -45 -23 -40 -15 -15 13
4 -12 -10 -6 -17 14
1 48 38
4 42 40 14 -26 18
10 8 -41 -11 -14 -49 49 -50 5 44 -5 -16
3 25 45 2 23
5 -4 -7 38 6 12 -3
2 33 -11 -32
8 -19 -10 -7 25 42 -21 11 -18 8
5 -2 -24 -47 18 -47 -14
8 40 18 -48 -47 -21 -5 -2 -37 -4
2 40 -7 25
4 48 -24 40 -3 -28
2 3 6 40
5 26 18 -21 14 37 -11
8 26 32 24 3 -5 22 -43 -34 -29
4 -31 -34 -37 1 -28
10 -14 5 -27 -48 -2 -46 22 -27 -15 -48 -41
4 9 -1 -41 25 15
4 28 27 -4 -30 -34
6 32 -45 2 -15 24 -38 -10
8 -1 38 -25 45 28 10 -9 1 -49
6 -37 -7 -10 33 -37 -49 37
6 47 -40 25 33 -21 -40 13
9 32 37 46 12 -21 -25 20 -44 30 -23
4 -20 -25 39 -17 17
9 24 11 0 -15 -47 -49 43 49 39 24
9 -38 43 35 39 23 -6 -21 -24 23 -40
8 -15 23 29 13 -37 47 -9 22 16
7 2 17 -11 -29 -6 41 -12 11
6 39 12 14 -46 -44 -28 -15
9 -39 39 24 3 37 -50 -43 44 47 3
8 -23 46 -49 -24 28 -12 11 31 48
9 -38 -11 7 -20 43 -45 29 -49 44 -11
5 2 32 -15 -17 15 -6
3 47 -42 5 -41
1 -4 18
5 12 10 -49 44 14 23
7 -41 20 30 -33 19 -47 -18 -25
10 10 6 17 28 1 19 -33 32 -22 9 24
1 -24 58
1 -4 12
6 37 10 14 23 32 -40 34
4 -5 35 17 -41 -48
1 6 10
8 -37 -34 39 -44 30 40 -44 -46 45
10 -21 -17 -4 12 -45 35 -18 -49 -2 23 -29
5 9 -3 -18 43 -43 3
10 -16 -35 34 17 22 -34 1 -8 -42 32 -2
1 -24 -7
1 -8 20
5 25 14 42 13 0 -34
6 40 -44 33 -39 18 50 4
2 -36 -36 44
6 -47 9 -45 -33 -38 -27 -48
2 14 -33 -50
6 -37 -17 39 -49 18 -6 47
3 -17 -23 -2 4
6 37 -19 -42 -45 44 21 -38
3 28 15 34 -46
5 -48 -38 1 -13 -44 7
5 -32 29 -35 25 -49 16
10 46 -44 -31 -31 25 -44 50 39 45 -31 29
5 -14 -21 -3 -20 6 -24
4 -32 -49 20 -47 43
6 31 -19 -12 48 25 48 4
1 -4 23
9 -12 -10 -6 -27 10 -45 15 21 11 6
2 -16 4 -21
3 25 20 -41 3
4 -45 33 -15 3 32
9 -8 17 -46 32 31 46 49 -19 -44 45
2 -2 -35 -41
6 -10 -40 16 -22 40 20 4
10 -37 -39 -16 -34 12 7 28 12 50 20 35
3 30 24 -21 -2
5 6 -10 -9 -18 28 -26
4 -5 41 12 -44 10
8 8 -4 32 7 -49 17 -16 23 -45
8 -31 -47 27 -3 -19 25 42 -36 -19
5 -33 46 -44 -26 10 2
4 -34 -28 27 -45 -12
7 32 6 29 5 -17 -29 10 36
5 15 -24 -24 -7 -10 20
6 5 -16 -40 -17 16 47 34
10 28 32 -4 48 37 -2 -20 -40 6 -7 -12
1 -43 -23
6 45 14 -23 -28 -49 45 -19
5 2 6 24 -33 43 17
2 36 4 14
6 -10 42 -19 -48 -14 -42 46
4 -4 -47 18 -28 7
5 49 14 -42 -4 -38 37
7 -33 9 28 13 23 3 -26 -13
9 -50 28 24 -11 -49 -41 37 5 -27 10
1 -36 48
4 -37 38 -23 50 26
4 -3 10 21 -9 -30
5 6 -41 40 49 -22 29
8 -30 -48 46 -18 -32 -43 2 -34 -35
8 -42 -20 -18 8 -37 -48 3 26 -31
9 49 -26 -35 17 -29 -37 48 15 -26 8
9 -37 -49 -49 -1 -31 22 44 -39 -50 0
6 -27 20 -32 -33 -40 28 -29
4 50 -33 17 -47 -5
4 -28 -17 1 -25 45
2 46 21 38
8 36 36 2 -23 -14 14 10 8 7
9 39 1 30 -46 -15 12 3 40 21 43
7 -41 33 -17 -19 21 18 -19 33
8 -36 48 -44 23 37 -32 30 -49 -31
7 -27 25 8 -19 -1 36 -48 -14
6 -29 -42 11 -50 -2 37 -39
5 -9 36 -45 -36 -27 -15
3 49 1 40 17
3 7 -7 49 -12
5 4 37 -15 38 36 45
7 -44 31 -9 -50 27 -26 -2 -45
4 16 17 6 -8 -40
4 -36 -9 29 12 44
7 44 -16 40 48 2 43 -38 -39
8 27 -8 -35 -45 -24 46 -1 2 50
2 48 4 -16
7 23 -2 27 27 -28 47 47 -26
5 -27 -10 34 -40 -34 -1
2 10 -28 30
2 11 -41 25
8 -3 -12 36 -13 -39 -45 13 41 33
9 2 -27 -42 17 40 -38 15 10 50 -22
2 50 25 -48
1 -2 -29
3 12 -22 -49 -26
9 44 -47 25 -49 -16 -13 -7 -7 49 28
10 -3 -32 19 -45 22 -11 -15 -32 -48 7 29
4 20 -43 21 32 -24
9 19 -36 37 -23 -10 -11 -25 48 39 -22
4 18 -24 18 -8 41
3 -31 1 -34 11
2 12 -35 7
1 24 6
2 15 24 -5
4 -39 -13 18 17 -6
7 -5 1 25 -34 39 9 -22 -25
7 26 27 32 20 -14 -40 16 26
2 -16 -9 10
1 12 -27
1 11 -35
7 10 -23 16 30 43 17 -27 43
8 -47 45 -24 31 -16 -2 -29 -37 -46
10 21 31 -4 25 33 -29 -16 4 2 23 -26
10 -41 -30 4 13 -17 8 14 19 25 18 33
4 -41 -7 29 49 -8
8 -37 -20 -29 29 45 -34 40 -11 -36
5 -38 9 24 6 10 -25
8 -17 1 21 -9 -13 -30 -49 -23 36
6 27 -31 32 35 1 -2 -3
6 -33 46 -12 9 34 4 17
1 48 40
10 35 -2 50 28 -42 -47 42 4 23 38 -50
2 -38 36 1
7 -44 49 34 -47 -19 47 -30 46
2 -11 -1 -1
5 -7 -22 -38 -29 -33 -49
8 36 -32 50 -41 23 -37 33 39 37
8 34 -36 -28 1 -1 -3 -21 21 36
1 -38 2
5 -43 6 28 30 -8 -18
4 31 5 27 -37 0
3 -48 -11 23 43
10 -21 28 -43 50 -13 16 -5 -1 24 47 -45
2 -37 0 0
9 33 33 45 -36 46 -15 49 38 25 6
2 -36 -27 4
9 35 25 -27 -22 -50 16 -30 -16 -47 10
2 -27 44 30
2 -8 -25 -1
6 49 -49 -12 -37 9 -1 -8
4 29 -39 -1 -45 -46
7 24 -35 11 4 -42 28 45 -2
9 46 -13 -11 -50 -8 39 -34 -22 22 36
2 24 37 33
10 -47 -10 49 -10 12 -28 -2 9 -45 18 41
7 10 -45 14 -39 -35 4 6 -49
4 50 -31 5 -39 -21
10 22 5 -12 -27 8 7 31 44 9 50 -45
6 15 45 -34 25 -38 0 40
9 -10 -3 32 6 -50 -15 23 -31 -25 -37
1 10 38
9 -39 22 -5 -8 -13 -28 -7 36 15 -42
2 24 47 -13
9 47 -44 9 37 24 20 19 -10 50 20
7 30 42 -13 18 5 22 -47 36
7 45 -26 46 -41 -12 18 -22 -39
8 -16 30 -16 -15 36 47 18 -49 16
2 5 15 32
10 -32 -29 -39 -32 -33 -46 -14 -40 -46 15 36
5 -20 24 -7 -36 6 -26
1 14 -33
9 31 -40 23 -11 37 41 -30 -1 25 16
7 47 -28 -6 -21 48 -18 19 -42
7 6 -45 4 16 -31 -25 15 -14
10 44 27 6 -41 -42 31 9 -31 -42 -34 29
3 -14 26 11 -3
5 48 37 -46 -28 43 -30
8 5 0 -31 -33 50 50 45 -35 2
5 -40 -29 40 -17 34 -29
6 28 22 47 -32 30 -3 28
7 -9 13 5 30 40 -41 -27 48
10 7 28 23 -29 -19 17 6 15 26 -29 -18
10 3 -6 -37 20 13 35 -27 28 -35 -39 -45
3 -20 8 31 6
4 -18 -18 43 18 6
6 9 -32 12 -40 12 0 -27
8 -3 -40 -43 49 -35 17 -44 38 16
8 -6 -4 -4 -38 -17 22 34 -26 -41
6 -45 -8 -43 33 32 -14 48
9 -48 37 -38 -23 47 -29 16 -23 -39 26
3 14 -26 -32 26
5 39 50 16 -43 -9 14
8 42 -21 30 -21 -7 30 -15 17 23
1 -31 49
1 -37 38
3 -49 -13 41 -31
3 42 -35 -33 28
4 -40 -15 -34 -15 -44
6 4 -1 32 -20 -45 31 28
9 -44 -13 -18 -17 -27 14 -11 24 23 45
3 -43 28 4 42
4 8 9 -20 40 -33
9 -12 -44 -7 32 43 10 19 34 -5 0
2 -44 41 -39
1 22 -32
8 -1 -27 -30 18 31 6 16 -41 49
7 -19 42 47 -6 -28 -27 9 -18
10 -40 -37 42 0 13 -8 -33 -44 21 44 11
8 -42 7 -20 30 -25 34 21 33 3
2 -37 -25 42
3 24 -13 -25 40
2 8 3 39
4 15 -30 17 44 37
6 26 16 0 25 -40 -47 23
10 -29 6 36 45 -28 47 -47 38 -48 9 34
4 -45 48 -15 -13 41
9 -17 -38 0 -48 41 33 -19 29 28 18
7 47 33 -35 -35 -5 20 -37 44
6 32 -1 3 -45 -3 -5 -29
5 -22 39 36 49 34 18
8 34 14 -8 18 -41 -23 -28 -20 22
3 -14 43 -11 -46
6 34 -15 -1 26 47 1 -16
5 46 27 -14 26 38 -22
9 -8 48 -35 11 -10 49 -23 -48 -29 45
5 31 26 -25 -28 15 40
10 -17 -2 41 27 -3 -46 -1 -34 22 -29 -15
7 45 24 -18 -41 20 -20 28 32
5 -31 33 -1 30 -34 29
2 9 14 -2
9 24 -43 -32 2 -8 5 -49 -45 25 16
6 44 -31 33 -32 31 24 -16
4 -47 -8 5 -12 18
1 26 -8
8 -46 -6 30 -16 -47 40 6 -8 -21
3 -23 15 18 -47
5 -11 7 -10 -1 26 19
9 20 -46 -45 10 23 8 -17 -14 -7 -17
9 -41 3 -29 21 -24 16 -10 -46 47 23
10 7 35 -3 -46 -20 -6 -7 -43 44 26 31
1 -8 10
10 -6 14 44 49 21 44 -45 -35 -21 17 6
10 16 -21 -34 43 8 47 -27 -19 28 35 -21
4 1 6 -1 50 -18
3 39 -27 27 36
8 -26 -34 -17 0 -12 -35 -18 -4 -1
3 -2 -6 -29 3
3 37 44 -26 -39
4 -16 -50 14 33 -28
10 -22 11 25 -43 14 -44 -39 -4 -18 -26 13
1 -43 -47
10 -45 19 -40 -49 -8 -32 -35 5 -41 36 19
2 -45 25 -47
2 -14 48 50
7 -18 -36 10 12 40 -6 -43 32
1 -28 21
6 36 -21 -10 -40 -47 -44 -36
8 50 -29 30 13 16 10 -8 48 -12
1 -21 -44
7 20 3 -29 1 -7 -13 -30 38
4 -30 -38 40 -36 32
3 14 33 28 -37
7 -47 15 -43 -10 -7 13 48 -43
7 -21 31 41 35 -22 11 5 -31
6 -27 21 -44 48 -24 -27 -6
1 -4 45
8 -5 -19 -4 29 -12 24 41 5 38
15 2 -1 1 -4 -3 4 4 9 8 -2 2 12 4 -6 7 2
1 39 -4
10 -48 -38 36 -16 43 16 31 48 -40 -47 -14
10 19 21 -18 15 -1 8 29 44 -25 -31 11
9 -24 19 7 18 -28 -26 -15 -15 -9 -7
9 -23 41 13 -14 -7 -21 1 -49 -45 3
10 29 17 -25 35 27 -4 47 -40 -45 -12 39
5 20 -34 49 -13 -19 5
10 4 42 -6 19 34 35 -17 -40 -6 17 23
4 -4 38 11 -41 45
10 -17 25 -35 4 33 -31 5 -16 -29 26 -21
7 -39 50 25 43 14 45 28 42
2 -23 20 11
1 31 3
3 -21 46 4 -35
6 12 -3 44 -43 13 -24 19
8 20 10 -24 -15 20 -34 -36 44 -27
8 -6 -44 34 44 -6 37 45 -42 5
4 -16 -12 -14 30 -3
8 -21 44 -16 26 -50 -8 -19 -27 -22
3 -10 -36 -41 -29
5 36 15 -23 -46 -43 27
3 8 34 -3 -2
8 -34 27 0 -5 -48 -36 -2 38 47
6 -20 -39 -28 -33 -39 3 -2
5 37 39 -49 -11 -26 -50
3 2 5 13 15
1 41 8
6 -11 -34 -25 -28 -29 -8 41
3 -46 22 -16 41
1 43 -23
10 21 50 46 30 -38 44 -14 -8 29 12 -32
10 -24 6 -41 28 18 -24 47 -31 16 23 -28
10 -38 38 13 -21 -12 -27 -35 -27 24 -20 -30
3 -9 -19 -38 21
3 -25 -27 -18 12
6 -26 -24 25 25 -41 -19 32
9 12 23 7 32 -8 -18 43 -5 32 15
10 4 -18 -41 11 -10 -30 7 48 36 7 -16
4 -25 26 -19 0 30
4 -19 -5 23 9 -23
10 -4 -28 11 10 27 -21 38 -11 48 -36 -29
5 3 -11 -1 -2 -12 40
5 -19 8 -31 28 -36 3
1 -25 -34
7 -1 41 -9 11 13 49 46 -20
7 -12 -4 42 38 -9 15 -37 10
5 -18 2 22 -25 -28 17
7 16 23 -35 -18 -21 -46 -27 47
10 5 50 44 -18 29 24 29 16 -22 32 -42
10 8 -15 17 -13 14 43 50 -1 18 -24 33
4 -15 2 21 -26 -4
6 13 36 -19 43 27 21 -30
3 -46 11 33 -35
5 -4 -40 24 35 4 38
8 -28 -23 -22 21 21 -27 3 -34 -39
2 25 -16 3
7 9 49 42 -37 34 37 11 5
5 -32 16 49 -50 26 9
4 -31 -9 -22 -41 37
6 -16 11 20 44 2 39 30
1 -41 -24
2 17 -31 24
3 -45 -39 39 -29
1 -3 -23
9 -13 25 -18 -8 7 33 -11 -46 2 16
6 2 39 -6 -50 -18 -22 -49
4 -8 23 19 -46 -8
10 -27 36 46 27 -33 45 15 -36 22 29 8
4 -2 -33 -43 -47 7
9 50 47 -35 25 23 -27 36 -25 -2 -6
10 -41 21 -12 -12 -47 -34 6 -17 -46 33 -18
4 18 -17 -40 -38 48
6 21 25 -1 -43 -34 31 -17
9 15 7 10 -17 5 25 -33 -16 14 43
2 34 35 -33
8 -29 -22 -14 50 -1 16 -7 35 7
4 26 -17 40 -18 7
2 5 -32 10
6 -20 28 18 -16 -12 -10 -1
2 25 -30 44
4 -48 0 -49 -39 -40
10 -20 -16 -33 32 -7 -43 3 17 21 -34 12
3 21 7 -17 -2
1 -7 -1
2 -3 47 30
9 -3 -9 30 10 45 0 20 45 29 13
5 -20 -46 1 29 38 5
2 -1 30 -39
10 45 -46 14 41 -40 -24 -43 19 -19 -42 -7
5 -21 47 7 -31 -24 -9
4 -1 -50 -5 -20 23
7 19 43 14 26 -46 -18 34 -46
8 -44 -31 -39 -8 -2 43 -11 45 -7
6 1 29 12 46 39 5 23
8 23 19 35 3 43 36 26 -49 16
4 26 44 14 -7 39
2 -37 15 48
6 20 -26 2 -16 19 -26 -44
5 3 20 40 1 0 39
9 -46 12 43 13 42 -47 -5 -9 49 -31
1 28 25
9 36 -6 28 19 49 16 43 -28 -26 -10
1 -39 23
5 41 24 43 30 8 -2
2 -39 -27 -21
2 -38 23 -46
8 -7 -7 -5 30 1 49 21 10 -42
2 41 8 4
10 17 28 -16 -35 11 26 -9 39 -35 20 50
2 1 -26 -39
2 -13 13 6
1 -14 3
5 -24 -3 -46 -49 -6 0
7 -19 -18 -37 -43 -19 -21 -37 -31
2 4 38 -40
8 32 -12 -30 -31 23 21 -37 4 -27
1 -25 -38
2 4 -15 26
9 17 7 19 12 36 -37 11 16 -17 -1
9 5 -32 -5 -42 -13 0 10 49 -39 36
3 -17 25 49 -29
7 -36 -41 25 -44 -17 -36 33 -35
8 -49 -23 -22 31 -21 -45 38 -37 -46
10 41 -25 4 -9 32 -44 -40 -18 18 13 17
6 -19 30 9 9 -20 14 -28
3 -46 45 50 23
6 -43 -18 23 23 -44 6 6
5 -5 -30 33 -20 -48 -21
6 -34 46 17 -25 44 3 -36
5 32 36 -46 -4 -7 21
6 -6 -2 19 31 18 -27 -33
8 -8 23 -47 -19 -46 -9 0 1 -35
2 45 -18 8
4 28 2 24 47 5
1 -18 -25
9 1 8 32 -22 6 -28 31 41 5 8
10 -36 12 15 -6 9 43 -40 -37 19 28 35
10 3 -37 -46 35 -12 16 36 44 34 41 49
1 33 -29
5 38 11 22 -26 25 -39
3 47 -30 8 -41
3 32 -10 -33 23
2 -41 38 -43
4 -7 -37 -49 19 -14
1 34 -12
2 13 49 50
1 -27 43
8 31 37 7 19 -47 2 24 30 38
1 24 6
9 30 -50 26 -46 22 9 -48 25 21 -15
8 16 -41 -37 -48 30 -3 -25 -8 13
7 24 6 31 10 -3 0 -37 -41
10 30 26 -48 -28 12 16 -4 19 7 -50 -28
9 48 11 -43 4 -14 -15 -12 43 23 -7
1 4 46
2 -5 -39 -25
2 -6 0 -2
3 18 27 12 -49
3 -41 0 49 34
3 18 -16 -21 -17
2 -30 17 -21
8 -27 -48 -4 -20 22 37 5 49 -7
7 15 5 -3 15 -35 27 37 9
3 27 -11 42 -20
1 9 -1
2 2 29 43
5 43 44 -8 33 -45 -41
4 48 29 11 -19 26
9 -34 38 12 17 -13 -36 -34 -32 8 -2
6 36 11 -28 -44 -39 -6 -27
2 -27 -30 -3
9 35 10 -27 38 -12 -14 37 -12 -21 45
4 15 -38 -13 -45 8
1 18 -27
1 45 24
4 -16 -14 -24 40 -20
5 -27 -36 25 -33 -24 -2
7 14 -44 44 21 14 -27 -24 -1
7 -38 -17 -38 37 -31 21 27 -19
6 7 38 30 9 -2 -40 -33
2 29 -11 -13
5 -23 14 -6 48 12 34
5 40 -31 -50 -2 -49 16
5 31 -46 -26 -49 -12 23
5 13 -39 44 39 -45 -49
5 42 3 48 -9 7 -40
8 -38 18 -19 50 -26 27 8 -35 18
1 50 -15
5 -10 41 -11 35 -3 -25
3 -20 19 14 -28
2 36 13 -17
9 11 41 -2 -31 0 47 48 17 -45 22
7 -16 45 -31 -46 -1 17 -22 -46
3 -39 -45 34 29
8 -5 -43 -47 28 38 -36 4 -22 -2
8 -26 24 37 -10 -25 31 32 15 37
1 4 -26
2 -4 -5 -34
6 2 2 -38 43 3 -41 -20
4 -50 6 11 -2 -1
9 -16 -49 -30 -43 -2 9 -1 -3 14 -1
5 -25 30 -31 -29 -1 -39
7 -11 26 27 -11 -27 37 -50 24
1 -10 17
4 50 8 3 -46 45
8 23 -40 -14 14 19 -38 5 11 -38
1 -15 -17
4 16 36 8 5 46
4 -24 14 1 -42 -7
4 49 5 1 -50 17
7 -13 20 32 -34 -10 41 48 -11
1 9 -24
2 37 -8 -3
2 36 -21 -16
9 34 38 44 -28 -23 -5 21 20 -43 -7
5 -34 -33 -1 -19 33 29
9 29 21 -41 -35 -6 6 -4 -38 49 38
1 -15 50
8 17 -36 -31 16 -35 14 6 -34 -2
9 -28 47 -37 -49 -1 -34 -47 7 10 -10
7 2 17 31 -22 24 -26 35 -6
5 -10 49 28 43 -2 47
2 16 37 17
4 35 -6 -31 36 -18
4 -5 38 -26 26 39
6 -48 8 -35 22 18 1 34
2 -33 42 -32
5 24 49 40 32 -2 32
1 -35 27
7 -9 43 -19 32 19 41 13 0
4 2 1 -15 5 3
1 -21 -27
6 -38 9 -22 21 47 -1 -26
9 14 -35 21 2 36 6 -6 34 -30 24
5 46 8 40 20 -6 -8
10 -36 -22 7 28 -34 6 -48 -42 -12 -24 6
7 -37 34 6 -43 37 -35 33 5
5 -49 -29 -4 -16 -48 32
3 -29 -26 27 25
8 -34 7 -15 23 4 -4 -35 49 5
8 -1 25 50 3 -5 -13 -45 -13 -7
7 30 -17 49 -9 7 -16 -44 2
7 16 43 18 -22 36 -14 -9 10
5 11 18 -25 9 -34 -17
8 -20 -3 -44 -18 -10 -2 -15 10 49
8 25 -40 -41 39 24 9 17 -50 23
6 -23 28 -36 8 -12 30 15
10 -7 -15 -34 -20 41 -3 -41 42 -13 45 50
4 -30 6 37 17 -8
2 -26 46 -3
10 -8 -1 42 -14 50 24 -46 21 -24 -28 -24
9 35 31 -15 48 11 40 34 -34 -28 -12
9 -35 49 46 -27 4 -27 42 -15 -45 42
3 20 45 14 45
6 9 -2 -33 14 -2 -34 43
10 24 -4 37 9 -26 12 37 -38 -9 -23 -39
2 23 47 2
3 -25 48 34 -3
6 8 -50 33 41 -15 43 -3
4 29 32 -28 49 -15
7 17 3 -8 34 -24 -50 -49 47
9 -45 -26 -28 -44 3 -19 -3 29 -21 -2
4 27 -30 -48 -17 -28
3 31 -20 5 29
2 -11 40 9
8 -36 -11 10 6 14 1 -9 24 -43
5 -20 -40 -3 45 -5 -40
2 22 45 25
6 21 15 15 -5 -6 -31 49
3 -2 31 47 32
8 2 -40 -25 18 -19 50 -23 7 -26
3 -3 6 -10 47
3 -1 -46 19 -48
5 -43 33 -7 -15 -5 -46
5 6 -36 -10 41 -2 -35
6 -2 -18 -2 46 37 11 30
8 14 7 24 5 -5 -15 12 11 11
3 -39 -30 -2 15
8 49 1 4 39 1 -14 49 22 49
5 -34 -10 47 37 -36 35
4 8 33 -45 17 -11
5 -2 -6 8 -47 14 47
8 39 50 -37 -5 24 -28 -14 8 -28
9 20 14 -9 -47 6 28 -34 39 -23 29
2 23 -3 31
3 -11 18 50 8
7 7 -26 -33 32 34 -23 -13 5
2 -50 49 -37
2 18 36 -13
7 31 15 31 36 3 47 -34 -8
1 -35 50
7 20 39 -2 -36 -38 -49 46 -6
8 24 18 -10 41 -1 -23 -37 -37 -24
3 -9 -37 -26 -3
8 -22 -43 19 40 33 -45 -12 19 -10
3 11 -3 -35 -38
10 -26 48 -7 23 -12 49 -21 44 23 9 39
5 -38 -28 12 8 -8 4
1 -27 -8
6 27 -10 -13 -50 -29 30 -24
6 -35 18 16 0 30 -36 -46
6 -19 -11 -31 -46 35 13 -18
7 4 15 -22 1 30 -8 -7 36
9 -42 -21 -29 39 33 23 -34 -30 -32 -27
3 -13 -45 7 -18
9 -41 -12 14 -28 4 8 -27 -48 42 34
3 5 2 1 -39
2 -24 -11 -2
2 -44 15 -42
2 3 2 32
7 40 5 -41 -46 5 32 35 26
9 28 36 -5 33 8 -33 -20 -33 32 -45
6 -48 -1 50 -32 -15 2 27
5 9 22 44 -39 -19 15
8 15 34 12 -7 41 43 13 15 -31
2 -19 -11 35
1 -33 -22
3 27 8 -39 -25
8 45 36 -44 9 -1 2 2 -33 -36
4 39 -19 12 17 33
2 -18 33 29
5 39 -12 -31 12 -11 27
1 -12 -15
10 46 21 33 -15 -44 -37 -16 -40 -12 33 21
6 19 -16 1 -21 -26 46 -28
10 46 13 -16 -35 32 -33 -40 -27 -18 4 50
5 -21 31 20 -39 -23 34
9 -35 45 -34 -21 32 -36 21 2 39 -9
6 18 -19 -16 2 1 -22 6
8 47 -40 -9 -14 13 43 7 3 29
1 27 14
6 24 10 -45 -18 17 -35 28
6 50 -27 -13 -13 47 -19 39
8 47 46 50 15 9 -27 -10 -50 -50
6 -18 -42 -1 40 -28 41 -2
10 18 7 25 -31 7 32 46 -4 48 -24 42
2 -44 -35 11
2 -4 48 23
9 -46 22 23 0 22 -48 -8 37 41 30
1 -9 -23
3 -24 -47 2 -42
3 29 45 23 13
8 49 36 -45 12 44 18 42 -19 8
7 19 11 38 -22 19 -19 44 -1
9 -14 27 -35 -43 -44 15 -8 18 -5 33
10 -45 10 -24 33 39 20 -18 41 18 20 -24
3 -2 -18 -29 8
10 45 32 -17 23 40 -47 -41 37 -38 0 -12
3 44 -41 19 21
8 41 -27 46 45 -18 -16 -17 14 26
3 31 42 -32 -7
7 4 -46 -9 -31 -33 31 39 -2
9 -37 14 37 28 -50 -9 -14 -31 -34 -2
10 4 -11 -31 -3 46 17 -15 4 -34 30 30
9 -18 46 -42 25 -34 -34 27 -19 -1 41
6 50 -44 14 -39 35 -32 3
6 -45 17 32 -36 -17 10 28
3 -5 -28 2 44
8 26 -29 4 -24 -24 12 6 -44 -14
8 6 40 -13 -23 10 -8 34 -19 -2
6 28 33 -12 -40 29 42 -36
7 -38 -31 23 16 49 -12 16 -20
1 41 39
6 24 10 -41 -18 21 -38 30
3 -20 18 -42 -13
9 -32 -38 -18 37 -50 15 -45 19 22 -34
2 42 -43 -37
3 -34 45 37 27
5 42 49 -30 48 8 1
5 5 49 -4 43 29 34
5 41 26 34 50 -48 2
3 17 36 -17 2
6 27 7 16 -34 41 -34 -43
9 -23 38 -35 33 18 44 -23 16 -12 -31
1 29 5
10 24 -24 -10 -15 4 28 38 4 -32 -31 13
8 49 -29 -7 45 6 16 -24 25 -46
2 6 -38 10
10 35 -23 11 29 45 -31 -50 -47 -2 -13 0
8 6 44 39 26 43 21 25 39 -29
6 41 49 -39 -22 15 -14 40
10 -13 -44 -15 -39 -10 -15 -2 25 26 26 -17
10 21 47 30 -47 -40 2 21 -11 -12 -7 -13
5 -19 28 -8 22 18 -3
4 23 -19 -49 -12 3
9 8 22 2 -47 -28 36 46 -30 -34 -31
2 28 39 -10
1 -7 -38
4 50 24 6 4 -36
1 -7 -48
7 39 22 -36 33 18 -43 0 -11
10 -48 33 27 37 -26 41 3 -6 -4 -5 26
6 16 -26 -6 -3 -16 -3 45
4 36 -37 24 -30 15
7 47 -47 -28 37 -31 37 0 -9
10 -35 -9 34 -42 -44 15 -7 12 49 46 -35
10 32 48 18 -48 27 -43 -10 16 -4 38 -32
6 14 19 20 48 -18 -8 -20
7 50 20 -32 2 -38 24 -16 33
3 42 27 36 23
8 -50 30 13 -2 35 -8 -27 39 39
10 -10 -47 31 48 -4 -22 3 7 8 38 44
6 -19 -34 25 14 37 -39 -30
3 4 20 -39 29
4 49 44 13 -3 8
10 41 -6 33 -11 24 41 -40 43 21 -23 -28
7 -25 -39 -17 -5 -37 -42 24 -14
4 -5 34 49 -27 -18
8 42 36 -38 34 26 17 24 46 -2
9 36 37 -47 -45 -50 -37 -6 -23 24 -13
10 46 -9 10 -2 35 -43 19 45 12 -30 47
6 31 45 -44 29 20 -44 -39
7 -3 14 41 -19 49 45 -45 46
8 -34 7 -28 26 -25 -38 0 -15 36
5 -33 -1 7 6 -26 3
9 35 -29 6 35 -43 46 24 -13 -15 -36
8 14 45 -50 -14 24 -44 29 -14 -35
1 24 30
9 32 39 -19 -9 -19 -22 -25 -20 -9 24
7 -41 -28 29 29 29 14 -40 -46
6 -47 -32 -9 10 -45 6 -31
4 -48 -47 -3 48 -16
6 -34 6 22 13 27 14 31
5 17 23 -19 -18 -6 -36
9 41 2 45 -17 -16 -47 36 -15 -3 -43
5 20 40 22 -28 -42 35
2 -16 36 41
8 29 -47 -48 -49 -38 -37 -4 -11 -45
5 -49 25 -24 39 -37 -16
10 49 20 37 -5 -42 36 6 35 47 42 -17
6 15 17 -35 12 -11 -44 -23
4 1 40 44 21 34
5 21 -8 -23 -32 22 0
2 -33 -38 50
10 39 -39 -20 -15 15 37 20 -9 -38 30 45
1 -19 -45
4 14 19 -32 48 7
2 -48 -6 -15
7 -19 -7 23 43 48 -23 -7 -21
6 -12 12 -11 -5 8 -16 -15
3 12 38 -49 -15
6 47 48 10 11 -28 25 47
10 -39 11 -10 24 45 9 3 -9 -35 -44 30
9 -6 45 -39 23 -6 -31 -32 -7 45 -17
4 -40 27 2 6 -18
5 -40 46 17 13 -40 35
5 5 -28 -28 18 9 28
10 30 31 31 3 -26 5 -14 26 34 25 11
5 -44 -43 -21 47 37 14
8 -50 -50 1 6 7 -7 33 -49 16
2 -12 5 35
9 36 -48 47 26 13 8 27 -11 26 44
9 38 13 30 -47 12 -38 -19 -34 12 10
10 -45 7 -36 23 44 -10 -17 3 -24 -38 27
2 17 -18 41
10 42 32 35 -15 -33 -45 18 36 -10 -33 18
6 -48 33 -41 32 -22 2 -43
7 -50 -24 -6 6 30 1 43 49
8 24 -38 -34 17 -16 -36 -18 38 -2
4 -8 -5 1 21 8